2021/4/16 22:44:19
(0,0)  -25.0200153653733,360.516318824894
(0,1)  -15.8200211695129,360.526481827037
(0,2)  -6.62002697365242,360.53664482918
(0,3)  2.57996722220803,360.546807831323
(0,4)  11.7799614180685,360.556970833466
(0,5)  20.9799556139289,360.567133835609
(0,6)  30.1799498097894,360.577296837751
(0,7)  39.3799440056498,360.587459839894
(0,8)  48.5799382015103,360.597622842037
(0,9)  57.7799323973707,360.60778584418
(0,10)  66.9799265932312,360.617948846323
(0,11)  76.1799207890917,360.628111848466
(0,12)  85.3799149849521,360.638274850609
(0,13)  94.5799091808125,360.648437852752
(1,0)  -25.0102942324766,351.716324003503
(1,1)  -15.8103000366161,351.726487005646
(1,2)  -6.61030584075569,351.736650007789
(1,3)  2.58968835510477,351.746813009932
(1,4)  11.7896825509652,351.756976012075
(1,5)  20.9896767468257,351.767139014218
(1,6)  30.1896709426861,351.77730201636
(1,7)  39.3896651385466,351.787465018503
(1,8)  48.589659334407,351.797628020646
(1,9)  57.7896535302675,351.807791022789
(1,10)  66.9896477261279,351.817954024932
(1,11)  76.1896419219884,351.828117027075
(1,12)  85.3896361178488,351.838280029218
(1,13)  94.5896303137093,351.848443031361
(2,0)  -25.0005730995799,342.916329182112
(2,1)  -15.8005789037194,342.926492184255
(2,2)  -6.60058470785895,342.936655186398
(2,3)  2.5994094880015,342.946818188541
(2,4)  11.7994036838619,342.956981190684
(2,5)  20.9993978797224,342.967144192827
(2,6)  30.1993920755829,342.977307194969
(2,7)  39.3993862714433,342.987470197112
(2,8)  48.5993804673038,342.997633199255
(2,9)  57.7993746631642,343.007796201398
(2,10)  66.9993688590247,343.017959203541
(2,11)  76.1993630548851,343.028122205684
(2,12)  85.3993572507456,343.038285207827
(2,13)  94.599351446606,343.04844820997
(3,0)  -24.9908519666831,334.116334360721
(3,1)  -15.7908577708227,334.126497362864
(3,2)  -6.59086357496222,334.136660365007
(3,3)  2.60913062089823,334.14682336715
(3,4)  11.8091248167587,334.156986369293
(3,5)  21.0091190126191,334.167149371436
(3,6)  30.2091132084796,334.177312373578
(3,7)  39.40910740434,334.187475375721
(3,8)  48.6091016002005,334.197638377864
(3,9)  57.8090957960609,334.207801380007
(3,10)  67.0090899919214,334.21796438215
(3,11)  76.2090841877818,334.228127384293
(3,12)  85.4090783836423,334.238290386436
(3,13)  94.6090725795028,334.248453388579
(4,0)  -24.9811308337864,325.31633953933
(4,1)  -15.7811366379259,325.326502541473
(4,2)  -6.58114244206549,325.336665543616
(4,3)  2.61885175379496,325.346828545759
(4,4)  11.8188459496554,325.356991547902
(4,5)  21.0188401455159,325.367154550044
(4,6)  30.2188343413763,325.377317552187
(4,7)  39.4188285372368,325.38748055433
(4,8)  48.6188227330972,325.397643556473
(4,9)  57.8188169289577,325.407806558616
(4,10)  67.0188111248181,325.417969560759
(4,11)  76.2188053206786,325.428132562902
(4,12)  85.418799516539,325.438295565045
(4,13)  94.6187937123995,325.448458567188
(5,0)  -24.9714097008897,316.516344717939
(5,1)  -15.7714155050292,316.526507720082
(5,2)  -6.57142130916876,316.536670722225
(5,3)  2.62857288669169,316.546833724368
(5,4)  11.8285670825521,316.556996726511
(5,5)  21.0285612784126,316.567159728653
(5,6)  30.228555474273,316.577322730796
(5,7)  39.4285496701335,316.587485732939
(5,8)  48.628543865994,316.597648735082
(5,9)  57.8285380618544,316.607811737225
(5,10)  67.0285322577149,316.617974739368
(5,11)  76.2285264535753,316.628137741511
(5,12)  85.4285206494358,316.638300743654
(5,13)  94.6285148452962,316.648463745797
(6,0)  -24.9616885679929,307.716349896548
(6,1)  -15.7616943721325,307.726512898691
(6,2)  -6.56170017627203,307.736675900834
(6,3)  2.63829401958843,307.746838902977
(6,4)  11.8382882154489,307.75700190512
(6,5)  21.0382824113093,307.767164907262
(6,6)  30.2382766071698,307.777327909405
(6,7)  39.4382708030302,307.787490911548
(6,8)  48.6382649988907,307.797653913691
(6,9)  57.8382591947511,307.807816915834
(6,10)  67.0382533906116,307.817979917977
(6,11)  76.238247586472,307.82814292012
(6,12)  85.4382417823325,307.838305922263
(6,13)  94.6382359781929,307.848468924405
(7,0)  -24.9519674350962,298.916355075157
(7,1)  -15.7519732392357,298.9265180773
(7,2)  -6.55197904337529,298.936681079443
(7,3)  2.64801515248516,298.946844081586
(7,4)  11.8480093483456,298.957007083729
(7,5)  21.0480035442061,298.967170085871
(7,6)  30.2479977400665,298.977333088014
(7,7)  39.447991935927,298.987496090157
(7,8)  48.6479861317874,298.9976590923
(7,9)  57.8479803276479,299.007822094443
(7,10)  67.0479745235083,299.017985096586
(7,11)  76.2479687193688,299.028148098729
(7,12)  85.4479629152292,299.038311100872
(7,13)  94.6479571110897,299.048474103014
(8,0)  -24.9422463021995,290.116360253766
(8,1)  -15.742252106339,290.126523255909
(8,2)  -6.54225791047856,290.136686258052
(8,3)  2.65773628538189,290.146849260195
(8,4)  11.8577304812423,290.157012262338
(8,5)  21.0577246771028,290.16717526448
(8,6)  30.2577188729632,290.177338266623
(8,7)  39.4577130688237,290.187501268766
(8,8)  48.6577072646841,290.197664270909
(8,9)  57.8577014605446,290.207827273052
(8,10)  67.0576956564051,290.217990275195
(8,11)  76.2576898522655,290.228153277338
(8,12)  85.457684048126,290.238316279481
(8,13)  94.6576782439864,290.248479281623
(9,0)  -24.9325251693027,281.316365432375
(9,1)  -15.7325309734423,281.326528434518
(9,2)  -6.53253677758183,281.336691436661
(9,3)  2.66745741827862,281.346854438804
(9,4)  11.8674516141391,281.357017440946
(9,5)  21.0674458099995,281.367180443089
(9,6)  30.26744000586,281.377343445232
(9,7)  39.4674342017204,281.387506447375
(9,8)  48.6674283975809,281.397669449518
(9,9)  57.8674225934413,281.407832451661
(9,10)  67.0674167893018,281.417995453804
(9,11)  76.2674109851622,281.428158455947
(9,12)  85.4674051810227,281.438321458089
(9,13)  94.6673993768831,281.448484460232
(10,0)  -24.922804036406,272.516370610984
(10,1)  -15.7228098405455,272.526533613127
(10,2)  -6.5228156446851,272.53669661527
(10,3)  2.67717855117536,272.546859617413
(10,4)  11.8771727470358,272.557022619555
(10,5)  21.0771669428963,272.567185621698
(10,6)  30.2771611387567,272.577348623841
(10,7)  39.4771553346172,272.587511625984
(10,8)  48.6771495304776,272.597674628127
(10,9)  57.8771437263381,272.60783763027
(10,10)  67.0771379221985,272.618000632413
(10,11)  76.277132118059,272.628163634556
(10,12)  85.4771263139194,272.638326636698
(10,13)  94.6771205097799,272.648489638841
(11,0)  -24.9130829035093,263.716375789593
(11,1)  -15.7130887076488,263.726538791736
(11,2)  -6.51309451178836,263.736701793879
(11,3)  2.68689968407209,263.746864796022
(11,4)  11.8868938799325,263.757027798164
(11,5)  21.086888075793,263.767190800307
(11,6)  30.2868822716534,263.77735380245
(11,7)  39.4868764675139,263.787516804593
(11,8)  48.6868706633743,263.797679806736
(11,9)  57.8868648592348,263.807842808879
(11,10)  67.0868590550952,263.818005811022
(11,11)  76.2868532509557,263.828168813165
(11,12)  85.4868474468162,263.838331815307
(11,13)  94.6868416426766,263.84849481745
(12,0)  -24.9033617706125,254.916380968202
(12,1)  -15.7033675747521,254.926543970345
(12,2)  -6.50337337889163,254.936706972488
(12,3)  2.69662081696882,254.946869974631
(12,4)  11.8966150128293,254.957032976773
(12,5)  21.0966092086897,254.967195978916
(12,6)  30.2966034045502,254.977358981059
(12,7)  39.4965976004106,254.987521983202
(12,8)  48.6965917962711,254.997684985345
(12,9)  57.8965859921315,255.007847987488
(12,10)  67.096580187992,255.018010989631
(12,11)  76.2965743838524,255.028173991774
(12,12)  85.4965685797129,255.038336993916
(12,13)  94.6965627755733,255.048499996059
(13,0)  -24.8936406377158,246.116386146811
(13,1)  -15.6936464418554,246.126549148954
(13,2)  -6.4936522459949,246.136712151097
(13,3)  2.70634194986555,246.14687515324
(13,4)  11.906336145726,246.157038155382
(13,5)  21.1063303415865,246.167201157525
(13,6)  30.3063245374469,246.177364159668
(13,7)  39.5063187333074,246.187527161811
(13,8)  48.7063129291678,246.197690163954
(13,9)  57.9063071250283,246.207853166097
(13,10)  67.1063013208887,246.21801616824
(13,11)  76.3062955167492,246.228179170383
(13,12)  85.5062897126096,246.238342172525
(13,13)  94.7062839084701,246.248505174668
(14,0)  -24.8839195048191,237.31639132542
(14,1)  -15.6839253089586,237.326554327563
(14,2)  -6.48393111309817,237.336717329706
(14,3)  2.71606308276228,237.346880331848
(14,4)  11.9160572786227,237.357043333991
(14,5)  21.1160514744832,237.367206336134
(14,6)  30.3160456703436,237.377369338277
(14,7)  39.5160398662041,237.38753234042
(14,8)  48.7160340620645,237.397695342563
(14,9)  57.916028257925,237.407858344706
(14,10)  67.1160224537854,237.418021346849
(14,11)  76.3160166496459,237.428184348992
(14,12)  85.5160108455064,237.438347351134
(14,13)  94.7160050413668,237.448510353277
(15,0)  -24.8741983719223,228.516396504029
(15,1)  -15.6742041760619,228.526559506172
(15,2)  -6.47420998020143,228.536722508315
(15,3)  2.72578421565902,228.546885510457
(15,4)  11.9257784115195,228.5570485126
(15,5)  21.1257726073799,228.567211514743
(15,6)  30.3257668032404,228.577374516886
(15,7)  39.5257609991008,228.587537519029
(15,8)  48.7257551949613,228.597700521172
(15,9)  57.9257493908217,228.607863523315
(15,10)  67.1257435866822,228.618026525458
(15,11)  76.3257377825426,228.6281895276
(15,12)  85.5257319784031,228.638352529743
(15,13)  94.7257261742635,228.648515531886
(16,0)  -24.8644772390256,219.716401682638
(16,1)  -15.6644830431652,219.726564684781
(16,2)  -6.4644888473047,219.736727686924
(16,3)  2.73550534855575,219.746890689066
(16,4)  11.9354995444162,219.757053691209
(16,5)  21.1354937402767,219.767216693352
(16,6)  30.3354879361371,219.777379695495
(16,7)  39.5354821319976,219.787542697638
(16,8)  48.735476327858,219.797705699781
(16,9)  57.9354705237185,219.807868701924
(16,10)  67.1354647195789,219.818031704067
(16,11)  76.3354589154394,219.828194706209
(16,12)  85.5354531112998,219.838357708352
(16,13)  94.7354473071603,219.848520710495
(17,0)  -24.8547561061289,210.916406861247
(17,1)  -15.6547619102684,210.92656986339
(17,2)  -6.45476771440797,210.936732865533
(17,3)  2.74522648145248,210.946895867675
(17,4)  11.9452206773129,210.957058869818
(17,5)  21.1452148731734,210.967221871961
(17,6)  30.3452090690338,210.977384874104
(17,7)  39.5452032648943,210.987547876247
(17,8)  48.7451974607547,210.99771087839
(17,9)  57.9451916566152,211.007873880533
(17,10)  67.1451858524756,211.018036882676
(17,11)  76.3451800483361,211.028199884818
(17,12)  85.5451742441965,211.038362886961
(17,13)  94.745168440057,211.048525889104
(18,0)  -24.8450349732321,202.116412039856
(18,1)  -15.6450407773717,202.126575041999
(18,2)  -6.44504658151124,202.136738044142
(18,3)  2.75494761434921,202.146901046284
(18,4)  11.9549418102097,202.157064048427
(18,5)  21.1549360060701,202.16722705057
(18,6)  30.3549302019306,202.177390052713
(18,7)  39.554924397791,202.187553054856
(18,8)  48.7549185936515,202.197716056999
(18,9)  57.9549127895119,202.207879059142
(18,10)  67.1549069853724,202.218042061285
(18,11)  76.3549011812328,202.228205063427
(18,12)  85.5548953770933,202.23836806557
(18,13)  94.7548895729537,202.248531067713
(19,0)  -24.8353138403354,193.316417218465
(19,1)  -15.635319644475,193.326580220608
(19,2)  -6.43532544861451,193.33674322275
(19,3)  2.76466874724595,193.346906224893
(19,4)  11.9646629431064,193.357069227036
(19,5)  21.1646571389668,193.367232229179
(19,6)  30.3646513348273,193.377395231322
(19,7)  39.5646455306878,193.387558233465
(19,8)  48.7646397265482,193.397721235608
(19,9)  57.9646339224087,193.407884237751
(19,10)  67.1646281182691,193.418047239894
(19,11)  76.3646223141296,193.428210242036
(19,12)  85.56461650999,193.438373244179
(19,13)  94.7646107058505,193.448536246322
(20,0)  -24.8255927074387,184.516422397074
(20,1)  -15.6255985115782,184.526585399217
(20,2)  -6.42560431571777,184.536748401359
(20,3)  2.77438988014268,184.546911403502
(20,4)  11.9743840760031,184.557074405645
(20,5)  21.1743782718636,184.567237407788
(20,6)  30.374372467724,184.577400409931
(20,7)  39.5743666635845,184.587563412074
(20,8)  48.7743608594449,184.597726414217
(20,9)  57.9743550553054,184.60788941636
(20,10)  67.1743492511658,184.618052418502
(20,11)  76.3743434470263,184.628215420645
(20,12)  85.5743376428867,184.638378422788
(20,13)  94.7743318387472,184.648541424931
(21,0)  -24.8158715745419,175.716427575683
(21,1)  -15.6158773786815,175.726590577826
(21,2)  -6.41588318282104,175.736753579968
(21,3)  2.78411101303941,175.746916582111
(21,4)  11.9841052088999,175.757079584254
(21,5)  21.1840994047603,175.767242586397
(21,6)  30.3840936006208,175.77740558854
(21,7)  39.5840877964812,175.787568590683
(21,8)  48.7840819923417,175.797731592826
(21,9)  57.9840761882021,175.807894594969
(21,10)  67.1840703840626,175.818057597111
(21,11)  76.384064579923,175.828220599254
(21,12)  85.5840587757835,175.838383601397
(21,13)  94.7840529716439,175.84854660354
(22,0)  -24.8061504416452,166.916432754292
(22,1)  -15.6061562457848,166.926595756435
(22,2)  -6.40616204992431,166.936758758577
(22,3)  2.79383214593614,166.94692176072
(22,4)  11.9938263417966,166.957084762863
(22,5)  21.193820537657,166.967247765006
(22,6)  30.3938147335175,166.977410767149
(22,7)  39.5938089293779,166.987573769292
(22,8)  48.7938031252384,166.997736771435
(22,9)  57.9937973210989,167.007899773578
(22,10)  67.1937915169593,167.01806277572
(22,11)  76.3937857128198,167.028225777863
(22,12)  85.5937799086802,167.038388780006
(22,13)  94.7937741045407,167.048551782149
(23,0)  -24.7964293087485,158.116437932901
(23,1)  -15.596435112888,158.126600935044
(23,2)  -6.39644091702758,158.136763937186
(23,3)  2.80355327883287,158.146926939329
(23,4)  12.0035474746933,158.157089941472
(23,5)  21.2035416705538,158.167252943615
(23,6)  30.4035358664142,158.177415945758
(23,7)  39.6035300622747,158.187578947901
(23,8)  48.8035242581351,158.197741950044
(23,9)  58.0035184539956,158.207904952187
(23,10)  67.203512649856,158.218067954329
(23,11)  76.4035068457165,158.228230956472
(23,12)  85.6035010415769,158.238393958615
(23,13)  94.8034952374374,158.248556960758
(24,0)  -24.7867081758517,149.31644311151
(24,1)  -15.5867139799913,149.326606113652
(24,2)  -6.38671978413084,149.336769115795
(24,3)  2.81327441172961,149.346932117938
(24,4)  12.0132686075901,149.357095120081
(24,5)  21.2132628034505,149.367258122224
(24,6)  30.413256999311,149.377421124367
(24,7)  39.6132511951714,149.38758412651
(24,8)  48.8132453910319,149.397747128653
(24,9)  58.0132395868923,149.407910130796
(24,10)  67.2132337827528,149.418073132938
(24,11)  76.4132279786132,149.428236135081
(24,12)  85.6132221744737,149.438399137224
(24,13)  94.8132163703341,149.448562139367
(25,0)  -24.776987042955,140.516448290119
(25,1)  -15.5769928470946,140.526611292261
(25,2)  -6.37699865123411,140.536774294404
(25,3)  2.82299554462634,140.546937296547
(25,4)  12.0229897404868,140.55710029869
(25,5)  21.2229839363472,140.567263300833
(25,6)  30.4229781322077,140.577426302976
(25,7)  39.6229723280682,140.587589305119
(25,8)  48.8229665239286,140.597752307262
(25,9)  58.0229607197891,140.607915309404
(25,10)  67.2229549156495,140.618078311547
(25,11)  76.42294911151,140.62824131369
(25,12)  85.6229433073704,140.638404315833
(25,13)  94.8229375032309,140.648567317976
(26,0)  -24.7672659100583,131.716453468728
(26,1)  -15.5672717141978,131.72661647087
(26,2)  -6.36727751833738,131.736779473013
(26,3)  2.83271667752307,131.746942475156
(26,4)  12.0327108733835,131.757105477299
(26,5)  21.232705069244,131.767268479442
(26,6)  30.4326992651044,131.777431481585
(26,7)  39.6326934609649,131.787594483728
(26,8)  48.8326876568253,131.797757485871
(26,9)  58.0326818526858,131.807920488013
(26,10)  67.2326760485462,131.818083490156
(26,11)  76.4326702444067,131.828246492299
(26,12)  85.6326644402671,131.838409494442
(26,13)  94.8326586361276,131.848572496585
(27,0)  -24.7575447771616,122.916458647337
(27,1)  -15.5575505813011,122.926621649479
(27,2)  -6.35755638544065,122.936784651622
(27,3)  2.8424378104198,122.946947653765
(27,4)  12.0424320062803,122.957110655908
(27,5)  21.2424262021407,122.967273658051
(27,6)  30.4424203980012,122.977436660194
(27,7)  39.6424145938616,122.987599662337
(27,8)  48.8424087897221,122.99776266448
(27,9)  58.0424029855825,123.007925666622
(27,10)  67.242397181443,123.018088668765
(27,11)  76.4423913773034,123.028251670908
(27,12)  85.6423855731639,123.038414673051
(27,13)  94.8423797690243,123.048577675194
(28,0)  -24.7478236442648,114.116463825946
(28,1)  -15.5478294484044,114.126626828088
(28,2)  -6.34783525254392,114.136789830231
(28,3)  2.85215894331654,114.146952832374
(28,4)  12.052153139177,114.157115834517
(28,5)  21.2521473350374,114.16727883666
(28,6)  30.4521415308979,114.177441838803
(28,7)  39.6521357267583,114.187604840946
(28,8)  48.8521299226188,114.197767843089
(28,9)  58.0521241184792,114.207930845231
(28,10)  67.2521183143397,114.218093847374
(28,11)  76.4521125102002,114.228256849517
(28,12)  85.6521067060606,114.23841985166
(28,13)  94.852100901921,114.248582853803
(29,0)  -24.7381025113681,105.316469004554
(29,1)  -15.5381083155076,105.326632006697
(29,2)  -6.33811411964718,105.33679500884
(29,3)  2.86188007621327,105.346958010983
(29,4)  12.0618742720737,105.357121013126
(29,5)  21.2618684679342,105.367284015269
(29,6)  30.4618626637946,105.377447017412
(29,7)  39.6618568596551,105.387610019555
(29,8)  48.8618510555155,105.397773021698
(29,9)  58.061845251376,105.40793602384
(29,10)  67.2618394472364,105.418099025983
(29,11)  76.4618336430969,105.428262028126
(29,12)  85.6618278389573,105.438425030269
(29,13)  94.8618220348178,105.448588032412
(30,0)  -24.7283813784714,96.5164741831635
(30,1)  -15.5283871826109,96.5266371853063
(30,2)  -6.32839298675045,96.5368001874492
(30,3)  2.87160120911,96.5469631895921
(30,4)  12.0715954049705,96.557126191735
(30,5)  21.2715896008309,96.5672891938779
(30,6)  30.4715837966914,96.5774521960207
(30,7)  39.6715779925518,96.5876151981636
(30,8)  48.8715721884123,96.5977782003065
(30,9)  58.0715663842727,96.6079412024494
(30,10)  67.2715605801332,96.6181042045923
(30,11)  76.4715547759936,96.6282672067351
(30,12)  85.6715489718541,96.638430208878
(30,13)  94.8715431677145,96.6485932110209
(31,0)  -24.7186602455746,87.7164793617724
(31,1)  -15.5186660497142,87.7266423639153
(31,2)  -6.31867185385372,87.7368053660582
(31,3)  2.88132234200673,87.7469683682011
(31,4)  12.0813165378672,87.757131370344
(31,5)  21.2813107337276,87.7672943724868
(31,6)  30.4813049295881,87.7774573746297
(31,7)  39.6812991254485,87.7876203767726
(31,8)  48.881293321309,87.7977833789155
(31,9)  58.0812875171694,87.8079463810584
(31,10)  67.2812817130299,87.8181093832012
(31,11)  76.4812759088904,87.8282723853441
(31,12)  85.6812701047508,87.838435387487
(31,13)  94.8812643006112,87.8485983896299
