2021/4/16 22:44:19
(0,0)  167.615244643671,360.501249952091
(0,1)  176.815244287566,360.50299431565
(0,2)  186.015243931461,360.504738679208
(0,3)  195.215243575357,360.506483042767
(0,4)  204.415243219252,360.508227406326
(0,5)  213.615242863147,360.509971769884
(0,6)  222.815242507043,360.511716133443
(0,7)  232.015242150938,360.513460497001
(0,8)  241.215241794833,360.51520486056
(0,9)  250.415241438729,360.516949224119
(0,10)  259.615241082624,360.518693587677
(0,11)  268.815240726519,360.520437951236
(0,12)  278.015240370415,360.522182314795
(0,13)  287.21524001431,360.523926678353
(1,0)  167.616913165406,351.701249919536
(1,1)  176.816912809301,351.702994283095
(1,2)  186.016912453197,351.704738646653
(1,3)  195.216912097092,351.706483010212
(1,4)  204.416911740988,351.708227373771
(1,5)  213.616911384883,351.709971737329
(1,6)  222.816911028778,351.711716100888
(1,7)  232.016910672674,351.713460464446
(1,8)  241.216910316569,351.715204828005
(1,9)  250.416909960464,351.716949191564
(1,10)  259.61690960436,351.718693555122
(1,11)  268.816909248255,351.720437918681
(1,12)  278.01690889215,351.72218228224
(1,13)  287.216908536046,351.723926645798
(2,0)  167.618581687142,342.901249886981
(2,1)  176.818581331037,342.90299425054
(2,2)  186.018580974932,342.904738614098
(2,3)  195.218580618828,342.906482977657
(2,4)  204.418580262723,342.908227341215
(2,5)  213.618579906618,342.909971704774
(2,6)  222.818579550514,342.911716068333
(2,7)  232.018579194409,342.913460431891
(2,8)  241.218578838304,342.91520479545
(2,9)  250.4185784822,342.916949159009
(2,10)  259.618578126095,342.918693522567
(2,11)  268.81857776999,342.920437886126
(2,12)  278.018577413886,342.922182249685
(2,13)  287.218577057781,342.923926613243
(3,0)  167.620250208877,334.101249854426
(3,1)  176.820249852773,334.102994217985
(3,2)  186.020249496668,334.104738581543
(3,3)  195.220249140563,334.106482945102
(3,4)  204.420248784459,334.10822730866
(3,5)  213.620248428354,334.109971672219
(3,6)  222.820248072249,334.111716035778
(3,7)  232.020247716145,334.113460399336
(3,8)  241.22024736004,334.115204762895
(3,9)  250.420247003935,334.116949126454
(3,10)  259.620246647831,334.118693490012
(3,11)  268.820246291726,334.120437853571
(3,12)  278.020245935621,334.122182217129
(3,13)  287.220245579517,334.123926580688
(4,0)  167.621918730613,325.301249821871
(4,1)  176.821918374508,325.302994185429
(4,2)  186.021918018403,325.304738548988
(4,3)  195.221917662299,325.306482912547
(4,4)  204.421917306194,325.308227276105
(4,5)  213.621916950089,325.309971639664
(4,6)  222.821916593985,325.311716003223
(4,7)  232.02191623788,325.313460366781
(4,8)  241.221915881775,325.31520473034
(4,9)  250.421915525671,325.316949093899
(4,10)  259.621915169566,325.318693457457
(4,11)  268.821914813461,325.320437821016
(4,12)  278.021914457357,325.322182184574
(4,13)  287.221914101252,325.323926548133
(5,0)  167.623587252348,316.501249789316
(5,1)  176.823586896244,316.502994152874
(5,2)  186.023586540139,316.504738516433
(5,3)  195.223586184034,316.506482879992
(5,4)  204.42358582793,316.50822724355
(5,5)  213.623585471825,316.509971607109
(5,6)  222.82358511572,316.511715970668
(5,7)  232.023584759616,316.513460334226
(5,8)  241.223584403511,316.515204697785
(5,9)  250.423584047406,316.516949061343
(5,10)  259.623583691302,316.518693424902
(5,11)  268.823583335197,316.520437788461
(5,12)  278.023582979092,316.522182152019
(5,13)  287.223582622988,316.523926515578
(6,0)  167.625255774084,307.701249756761
(6,1)  176.825255417979,307.702994120319
(6,2)  186.025255061874,307.704738483878
(6,3)  195.22525470577,307.706482847437
(6,4)  204.425254349665,307.708227210995
(6,5)  213.625253993561,307.709971574554
(6,6)  222.825253637456,307.711715938113
(6,7)  232.025253281351,307.713460301671
(6,8)  241.225252925247,307.71520466523
(6,9)  250.425252569142,307.716949028788
(6,10)  259.625252213037,307.718693392347
(6,11)  268.825251856933,307.720437755906
(6,12)  278.025251500828,307.722182119464
(6,13)  287.225251144723,307.723926483023
(7,0)  167.626924295819,298.901249724206
(7,1)  176.826923939715,298.902994087764
(7,2)  186.02692358361,298.904738451323
(7,3)  195.226923227505,298.906482814882
(7,4)  204.426922871401,298.90822717844
(7,5)  213.626922515296,298.909971541999
(7,6)  222.826922159191,298.911715905557
(7,7)  232.026921803087,298.913460269116
(7,8)  241.226921446982,298.915204632675
(7,9)  250.426921090877,298.916948996233
(7,10)  259.626920734773,298.918693359792
(7,11)  268.826920378668,298.920437723351
(7,12)  278.026920022563,298.922182086909
(7,13)  287.226919666459,298.923926450468
(8,0)  167.628592817555,290.101249691651
(8,1)  176.82859246145,290.102994055209
(8,2)  186.028592105346,290.104738418768
(8,3)  195.228591749241,290.106482782327
(8,4)  204.428591393136,290.108227145885
(8,5)  213.628591037032,290.109971509444
(8,6)  222.828590680927,290.111715873002
(8,7)  232.028590324822,290.113460236561
(8,8)  241.228589968718,290.11520460012
(8,9)  250.428589612613,290.116948963678
(8,10)  259.628589256508,290.118693327237
(8,11)  268.828588900404,290.120437690796
(8,12)  278.028588544299,290.122182054354
(8,13)  287.228588188194,290.123926417913
(9,0)  167.63026133929,281.301249659096
(9,1)  176.830260983186,281.302994022654
(9,2)  186.030260627081,281.304738386213
(9,3)  195.230260270976,281.306482749771
(9,4)  204.430259914872,281.30822711333
(9,5)  213.630259558767,281.309971476889
(9,6)  222.830259202662,281.311715840447
(9,7)  232.030258846558,281.313460204006
(9,8)  241.230258490453,281.315204567565
(9,9)  250.430258134348,281.316948931123
(9,10)  259.630257778244,281.318693294682
(9,11)  268.830257422139,281.320437658241
(9,12)  278.030257066034,281.322182021799
(9,13)  287.23025670993,281.323926385358
(10,0)  167.631929861026,272.501249626541
(10,1)  176.831929504921,272.502993990099
(10,2)  186.031929148817,272.504738353658
(10,3)  195.231928792712,272.506482717216
(10,4)  204.431928436607,272.508227080775
(10,5)  213.631928080503,272.509971444334
(10,6)  222.831927724398,272.511715807892
(10,7)  232.031927368293,272.513460171451
(10,8)  241.231927012189,272.51520453501
(10,9)  250.431926656084,272.516948898568
(10,10)  259.631926299979,272.518693262127
(10,11)  268.831925943875,272.520437625685
(10,12)  278.03192558777,272.522181989244
(10,13)  287.231925231665,272.523926352803
(11,0)  167.633598382761,263.701249593985
(11,1)  176.833598026657,263.702993957544
(11,2)  186.033597670552,263.704738321103
(11,3)  195.233597314447,263.706482684661
(11,4)  204.433596958343,263.70822704822
(11,5)  213.633596602238,263.709971411779
(11,6)  222.833596246133,263.711715775337
(11,7)  232.033595890029,263.713460138896
(11,8)  241.233595533924,263.715204502455
(11,9)  250.43359517782,263.716948866013
(11,10)  259.633594821715,263.718693229572
(11,11)  268.83359446561,263.72043759313
(11,12)  278.033594109505,263.722181956689
(11,13)  287.233593753401,263.723926320248
(12,0)  167.635266904497,254.90124956143
(12,1)  176.835266548392,254.902993924989
(12,2)  186.035266192288,254.904738288548
(12,3)  195.235265836183,254.906482652106
(12,4)  204.435265480078,254.908227015665
(12,5)  213.635265123974,254.909971379224
(12,6)  222.835264767869,254.911715742782
(12,7)  232.035264411764,254.913460106341
(12,8)  241.23526405566,254.915204469899
(12,9)  250.435263699555,254.916948833458
(12,10)  259.63526334345,254.918693197017
(12,11)  268.835262987346,254.920437560575
(12,12)  278.035262631241,254.922181924134
(12,13)  287.235262275136,254.923926287693
(13,0)  167.636935426233,246.101249528875
(13,1)  176.836935070128,246.102993892434
(13,2)  186.036934714023,246.104738255993
(13,3)  195.236934357919,246.106482619551
(13,4)  204.436934001814,246.10822698311
(13,5)  213.636933645709,246.109971346669
(13,6)  222.836933289605,246.111715710227
(13,7)  232.0369329335,246.113460073786
(13,8)  241.236932577395,246.115204437344
(13,9)  250.436932221291,246.116948800903
(13,10)  259.636931865186,246.118693164462
(13,11)  268.836931509081,246.12043752802
(13,12)  278.036931152977,246.122181891579
(13,13)  287.236930796872,246.123926255138
(14,0)  167.638603947968,237.30124949632
(14,1)  176.838603591863,237.302993859879
(14,2)  186.038603235759,237.304738223438
(14,3)  195.238602879654,237.306482586996
(14,4)  204.438602523549,237.308226950555
(14,5)  213.638602167445,237.309971314114
(14,6)  222.83860181134,237.311715677672
(14,7)  232.038601455235,237.313460041231
(14,8)  241.238601099131,237.315204404789
(14,9)  250.438600743026,237.316948768348
(14,10)  259.638600386921,237.318693131907
(14,11)  268.838600030817,237.320437495465
(14,12)  278.038599674712,237.322181859024
(14,13)  287.238599318607,237.323926222583
(15,0)  167.640272469704,228.501249463765
(15,1)  176.840272113599,228.502993827324
(15,2)  186.040271757494,228.504738190883
(15,3)  195.24027140139,228.506482554441
(15,4)  204.440271045285,228.508226918
(15,5)  213.64027068918,228.509971281558
(15,6)  222.840270333076,228.511715645117
(15,7)  232.040269976971,228.513460008676
(15,8)  241.240269620866,228.515204372234
(15,9)  250.440269264762,228.516948735793
(15,10)  259.640268908657,228.518693099352
(15,11)  268.840268552552,228.52043746291
(15,12)  278.040268196448,228.522181826469
(15,13)  287.240267840343,228.523926190027
(16,0)  167.641940991439,219.70124943121
(16,1)  176.841940635334,219.702993794769
(16,2)  186.04194027923,219.704738158328
(16,3)  195.241939923125,219.706482521886
(16,4)  204.44193956702,219.708226885445
(16,5)  213.641939210916,219.709971249003
(16,6)  222.841938854811,219.711715612562
(16,7)  232.041938498706,219.713459976121
(16,8)  241.241938142602,219.715204339679
(16,9)  250.441937786497,219.716948703238
(16,10)  259.641937430392,219.718693066797
(16,11)  268.841937074288,219.720437430355
(16,12)  278.041936718183,219.722181793914
(16,13)  287.241936362078,219.723926157472
(17,0)  167.643609513175,210.901249398655
(17,1)  176.84360915707,210.902993762214
(17,2)  186.043608800965,210.904738125772
(17,3)  195.243608444861,210.906482489331
(17,4)  204.443608088756,210.90822685289
(17,5)  213.643607732651,210.909971216448
(17,6)  222.843607376547,210.911715580007
(17,7)  232.043607020442,210.913459943566
(17,8)  241.243606664337,210.915204307124
(17,9)  250.443606308233,210.916948670683
(17,10)  259.643605952128,210.918693034241
(17,11)  268.843605596023,210.9204373978
(17,12)  278.043605239919,210.922181761359
(17,13)  287.243604883814,210.923926124917
(18,0)  167.64527803491,202.1012493661
(18,1)  176.845277678806,202.102993729659
(18,2)  186.045277322701,202.104738093217
(18,3)  195.245276966596,202.106482456776
(18,4)  204.445276610492,202.108226820335
(18,5)  213.645276254387,202.109971183893
(18,6)  222.845275898282,202.111715547452
(18,7)  232.045275542178,202.113459911011
(18,8)  241.245275186073,202.115204274569
(18,9)  250.445274829968,202.116948638128
(18,10)  259.645274473864,202.118693001686
(18,11)  268.845274117759,202.120437365245
(18,12)  278.045273761654,202.122181728804
(18,13)  287.24527340555,202.123926092362
(19,0)  167.646946556646,193.301249333545
(19,1)  176.846946200541,193.302993697104
(19,2)  186.046945844436,193.304738060662
(19,3)  195.246945488332,193.306482424221
(19,4)  204.446945132227,193.30822678778
(19,5)  213.646944776122,193.309971151338
(19,6)  222.846944420018,193.311715514897
(19,7)  232.046944063913,193.313459878456
(19,8)  241.246943707808,193.315204242014
(19,9)  250.446943351704,193.316948605573
(19,10)  259.646942995599,193.318692969131
(19,11)  268.846942639494,193.32043733269
(19,12)  278.04694228339,193.322181696249
(19,13)  287.246941927285,193.323926059807
(20,0)  167.648615078381,184.50124930099
(20,1)  176.848614722277,184.502993664549
(20,2)  186.048614366172,184.504738028107
(20,3)  195.248614010067,184.506482391666
(20,4)  204.448613653963,184.508226755225
(20,5)  213.648613297858,184.509971118783
(20,6)  222.848612941753,184.511715482342
(20,7)  232.048612585649,184.5134598459
(20,8)  241.248612229544,184.515204209459
(20,9)  250.448611873439,184.516948573018
(20,10)  259.648611517335,184.518692936576
(20,11)  268.84861116123,184.520437300135
(20,12)  278.048610805125,184.522181663694
(20,13)  287.248610449021,184.523926027252
(21,0)  167.650283600117,175.701249268435
(21,1)  176.850283244012,175.702993631994
(21,2)  186.050282887907,175.704737995552
(21,3)  195.250282531803,175.706482359111
(21,4)  204.450282175698,175.70822672267
(21,5)  213.650281819593,175.709971086228
(21,6)  222.850281463489,175.711715449787
(21,7)  232.050281107384,175.713459813345
(21,8)  241.250280751279,175.715204176904
(21,9)  250.450280395175,175.716948540463
(21,10)  259.65028003907,175.718692904021
(21,11)  268.850279682965,175.72043726758
(21,12)  278.050279326861,175.722181631139
(21,13)  287.250278970756,175.723925994697
(22,0)  167.651952121852,166.90124923588
(22,1)  176.851951765748,166.902993599439
(22,2)  186.051951409643,166.904737962997
(22,3)  195.251951053538,166.906482326556
(22,4)  204.451950697434,166.908226690115
(22,5)  213.651950341329,166.909971053673
(22,6)  222.851949985224,166.911715417232
(22,7)  232.05194962912,166.91345978079
(22,8)  241.251949273015,166.915204144349
(22,9)  250.45194891691,166.916948507908
(22,10)  259.651948560806,166.918692871466
(22,11)  268.851948204701,166.920437235025
(22,12)  278.051947848596,166.922181598584
(22,13)  287.251947492492,166.923925962142
(23,0)  167.653620643588,158.101249203325
(23,1)  176.853620287483,158.102993566884
(23,2)  186.053619931379,158.104737930442
(23,3)  195.253619575274,158.106482294001
(23,4)  204.453619219169,158.108226657559
(23,5)  213.653618863065,158.109971021118
(23,6)  222.85361850696,158.111715384677
(23,7)  232.053618150855,158.113459748235
(23,8)  241.253617794751,158.115204111794
(23,9)  250.453617438646,158.116948475353
(23,10)  259.653617082541,158.118692838911
(23,11)  268.853616726437,158.12043720247
(23,12)  278.053616370332,158.122181566028
(23,13)  287.253616014227,158.123925929587
(24,0)  167.655289165323,149.30124917077
(24,1)  176.855288809219,149.302993534329
(24,2)  186.055288453114,149.304737897887
(24,3)  195.255288097009,149.306482261446
(24,4)  204.455287740905,149.308226625004
(24,5)  213.6552873848,149.309970988563
(24,6)  222.855287028695,149.311715352122
(24,7)  232.055286672591,149.31345971568
(24,8)  241.255286316486,149.315204079239
(24,9)  250.455285960381,149.316948442798
(24,10)  259.655285604277,149.318692806356
(24,11)  268.855285248172,149.320437169915
(24,12)  278.055284892067,149.322181533473
(24,13)  287.255284535963,149.323925897032
(25,0)  167.656957687059,140.501249138215
(25,1)  176.856957330954,140.502993501773
(25,2)  186.05695697485,140.504737865332
(25,3)  195.256956618745,140.506482228891
(25,4)  204.45695626264,140.508226592449
(25,5)  213.656955906536,140.509970956008
(25,6)  222.856955550431,140.511715319567
(25,7)  232.056955194326,140.513459683125
(25,8)  241.256954838222,140.515204046684
(25,9)  250.456954482117,140.516948410242
(25,10)  259.656954126012,140.518692773801
(25,11)  268.856953769908,140.52043713736
(25,12)  278.056953413803,140.522181500918
(25,13)  287.256953057698,140.523925864477
(26,0)  167.658626208794,131.70124910566
(26,1)  176.85862585269,131.702993469218
(26,2)  186.058625496585,131.704737832777
(26,3)  195.25862514048,131.706482196336
(26,4)  204.458624784376,131.708226559894
(26,5)  213.658624428271,131.709970923453
(26,6)  222.858624072166,131.711715287012
(26,7)  232.058623716062,131.71345965057
(26,8)  241.258623359957,131.715204014129
(26,9)  250.458623003852,131.716948377687
(26,10)  259.658622647748,131.718692741246
(26,11)  268.858622291643,131.720437104805
(26,12)  278.058621935538,131.722181468363
(26,13)  287.258621579434,131.723925831922
(27,0)  167.66029473053,122.901249073105
(27,1)  176.860294374425,122.902993436663
(27,2)  186.060294018321,122.904737800222
(27,3)  195.260293662216,122.906482163781
(27,4)  204.460293306111,122.908226527339
(27,5)  213.660292950007,122.909970890898
(27,6)  222.860292593902,122.911715254457
(27,7)  232.060292237797,122.913459618015
(27,8)  241.260291881693,122.915203981574
(27,9)  250.460291525588,122.916948345132
(27,10)  259.660291169483,122.918692708691
(27,11)  268.860290813379,122.92043707225
(27,12)  278.060290457274,122.922181435808
(27,13)  287.260290101169,122.923925799367
(28,0)  167.661963252265,114.10124904055
(28,1)  176.861962896161,114.102993404108
(28,2)  186.061962540056,114.104737767667
(28,3)  195.261962183951,114.106482131226
(28,4)  204.461961827847,114.108226494784
(28,5)  213.661961471742,114.109970858343
(28,6)  222.861961115638,114.111715221901
(28,7)  232.061960759533,114.11345958546
(28,8)  241.261960403428,114.115203949019
(28,9)  250.461960047324,114.116948312577
(28,10)  259.661959691219,114.118692676136
(28,11)  268.861959335114,114.120437039695
(28,12)  278.06195897901,114.122181403253
(28,13)  287.261958622905,114.123925766812
(29,0)  167.663631774001,105.301249007995
(29,1)  176.863631417896,105.302993371553
(29,2)  186.063631061792,105.304737735112
(29,3)  195.263630705687,105.306482098671
(29,4)  204.463630349582,105.308226462229
(29,5)  213.663629993478,105.309970825788
(29,6)  222.863629637373,105.311715189346
(29,7)  232.063629281268,105.313459552905
(29,8)  241.263628925164,105.315203916464
(29,9)  250.463628569059,105.316948280022
(29,10)  259.663628212954,105.318692643581
(29,11)  268.86362785685,105.32043700714
(29,12)  278.063627500745,105.322181370698
(29,13)  287.26362714464,105.323925734257
(30,0)  167.665300295737,96.5012489754396
(30,1)  176.865299939632,96.5029933389982
(30,2)  186.065299583527,96.5047377025569
(30,3)  195.265299227423,96.5064820661155
(30,4)  204.465298871318,96.5082264296741
(30,5)  213.665298515213,96.5099707932327
(30,6)  222.865298159109,96.5117151567914
(30,7)  232.065297803004,96.51345952035
(30,8)  241.265297446899,96.5152038839086
(30,9)  250.465297090795,96.5169482474673
(30,10)  259.66529673469,96.5186926110259
(30,11)  268.865296378585,96.5204369745845
(30,12)  278.065296022481,96.5221813381431
(30,13)  287.265295666376,96.5239257017018
(31,0)  167.666968817472,87.7012489428846
(31,1)  176.866968461367,87.7029933064432
(31,2)  186.066968105263,87.7047376700018
(31,3)  195.266967749158,87.7064820335604
(31,4)  204.466967393053,87.7082263971191
(31,5)  213.666967036949,87.7099707606777
(31,6)  222.866966680844,87.7117151242363
(31,7)  232.066966324739,87.7134594877949
(31,8)  241.266965968635,87.7152038513536
(31,9)  250.46696561253,87.7169482149122
(31,10)  259.666965256425,87.7186925784708
(31,11)  268.866964900321,87.7204369420295
(31,12)  278.066964544216,87.7221813055881
(31,13)  287.266964188111,87.7239256691467
